# Weight Table Information
#
#    Name:                        Supine
#    Time Stamp:                  Thu Sep  6 14:12:52 2018
#    Table Version:               2 (Variable Size)
#    Entry Size:                  0 bytes
#    Total Entries:               248
#    Number of Analog References: 3
#    Number of DSP Reference:     23
#    Description:                 
#
#               Analog Ref.            DSP Ref.                                                                                                                                                                                                                            
#
Entry  Channel  MCxA    MCyA    MCzA      MLzA       MLyA       MLzaA      MLyaA      MLxA       MLxaA      MRzA       MRxA       MRzaA      MRxaA      MRyA       MCzA       MRyaA      MCzaA      MCyA       GzxA       MCyaA      MCxA       MCxaA      GyyA       GzyA       GxxA       GyxA       
0      A22      241     526     896       0.000000   0.000000   0.000000   0.000000   0.000000   0.000000   0.000000   0.000000   0.000000   0.000000   0.000000  -0.175991   0.000000  -0.052424  -0.238649   0.497842   0.000732  -0.229802   0.040339   0.194250   0.210504   0.394494   0.353526 
1      A2       -320    -2      -1014     0.000000   0.000000   0.000000   0.000000   0.000000   0.000000   0.000000   0.000000   0.000000   0.000000   0.000000   0.439464   0.000000   0.050344   0.403763  -0.470866  -0.012670   0.553857  -0.040027  -0.074943   0.094000  -0.203369  -0.375119 
2      A104     1082    183     -2        0.000000   0.000000   0.000000   0.000000   0.000000   0.000000   0.000000   0.000000   0.000000   0.000000   0.000000  -0.124831   0.000000  -0.115280  -0.101560   0.870980  -0.024510  -0.191379   0.072496   0.107688   0.039107   0.960453  -0.100172 
3      A241     925     -706    -334      0.000000   0.000000   0.000000   0.000000   0.000000   0.000000   0.000000   0.000000   0.000000   0.000000   0.000000  -0.250732   0.000000  -0.049113  -0.283609   1.205080   0.001646  -0.243962   0.117731   0.236743  -0.683768   1.218861   0.288728 
4      A138     1094    -331    -256      0.000000   0.000000   0.000000   0.000000   0.000000   0.000000   0.000000   0.000000   0.000000   0.000000   0.000000   0.043493   0.000000  -0.075115  -0.075357   1.028313  -0.008416   0.036592   0.071765   0.146312  -0.259580   0.811472  -0.002066 
5      A214     -148    1274    38        0.000000   0.000000   0.000000   0.000000   0.000000   0.000000   0.000000   0.000000   0.000000   0.000000   0.000000   0.209943   0.000000  -0.042248   0.176912  -0.360206   0.012310   0.346762  -0.073909  -0.192811   0.907389   0.154233  -0.304976 
6      A71      -669    -893    -426      0.000000   0.000000   0.000000   0.000000   0.000000   0.000000   0.000000   0.000000   0.000000   0.000000   0.000000   0.389544   0.000000   0.049441  -0.366988  -0.616265  -0.004755   0.896133  -0.072994   0.203024  -0.002328  -0.579717  -0.110885 
7      A26      610     524     795       0.000000   0.000000   0.000000   0.000000   0.000000   0.000000   0.000000   0.000000   0.000000   0.000000   0.000000   0.146319   0.000000  -0.047121   0.022262   0.494600   0.039180   0.102362  -0.002872  -0.183862   0.292365   0.172428  -0.012470 
8      A93      427     -967    -552      0.000000   0.000000   0.000000   0.000000   0.000000   0.000000   0.000000   0.000000   0.000000   0.000000   0.000000  -0.141145   0.000000   0.026926  -0.136104  -0.006086  -0.048862  -0.085977   0.055610   0.203184  -0.417847   0.404006   0.251366 
9      A39      248     -569    -929      0.000000   0.000000   0.000000   0.000000   0.000000   0.000000   0.000000   0.000000   0.000000   0.000000   0.000000   0.308681   0.000000   0.055406   0.160766  -0.532014  -0.023037   0.365439  -0.013867  -0.049340  -0.157457   0.151513  -0.244723 
10     A125     563     -1054   -365      0.000000   0.000000   0.000000   0.000000   0.000000   0.000000   0.000000   0.000000   0.000000   0.000000   0.000000  -0.015695   0.000000   0.008776  -0.034019   0.298334  -0.053507  -0.037376   0.079130   0.244520  -0.541490   0.580247   0.459179 
11     A20      152     -334    -1030     0.000000   0.000000   0.000000   0.000000   0.000000   0.000000   0.000000   0.000000   0.000000   0.000000   0.000000   0.653313   0.000000   0.073540   0.534111  -0.666694  -0.002183   0.564821  -0.045601  -0.215336   0.047604  -0.095621  -0.489756 
12     A65      -146    963     694       0.000000   0.000000   0.000000   0.000000   0.000000   0.000000   0.000000   0.000000   0.000000   0.000000   0.000000   0.187844   0.000000  -0.042175   0.099197   0.246211   0.047759   0.208902  -0.035983  -0.088363   0.586813  -0.129180  -0.234869 
13     A9       288     282     993       0.000000   0.000000   0.000000   0.000000   0.000000   0.000000   0.000000   0.000000   0.000000   0.000000   0.000000  -0.196612   0.000000  -0.035011  -0.054562   0.403315   0.002455  -0.192292   0.025112   0.114175   0.086124   0.209449   0.416384 
14     A8       293     309     1033      0.000000   0.000000   0.000000   0.000000   0.000000   0.000000   0.000000   0.000000   0.000000   0.000000   0.000000  -0.302859   0.000000  -0.049364  -0.294683   0.539588  -0.000420  -0.331779   0.045604   0.199562   0.100569   0.326505   0.464212 
15     A95      -12     -1161   -408      0.000000   0.000000   0.000000   0.000000   0.000000   0.000000   0.000000   0.000000   0.000000   0.000000   0.000000   0.182523   0.000000   0.025318   0.230097  -0.106693  -0.065256   0.231109   0.026295   0.175532  -0.550243  -0.102392   0.376231 
16     A114     78      -1114   438       0.000000   0.000000   0.000000   0.000000   0.000000   0.000000   0.000000   0.000000   0.000000   0.000000   0.000000  -0.210785   0.000000   0.022882  -0.282665   0.219171  -0.007662  -0.326653   0.038994  -0.319330  -0.675724   0.110151   1.144746 
17     A175     -288    -1191   205       0.000000   0.000000   0.000000   0.000000   0.000000   0.000000   0.000000   0.000000   0.000000   0.000000   0.000000  -0.001349   0.000000   0.057303  -0.123210  -0.119535  -0.047434  -0.249422   0.027977  -0.414010  -1.006818  -0.311356   1.755379 
18     A16      298     -261    971       0.000000   0.000000   0.000000   0.000000   0.000000   0.000000   0.000000   0.000000   0.000000   0.000000   0.000000   0.080417   0.000000  -0.060216  -0.000482   0.617004  -0.005197   0.059540   0.030424   0.054187  -0.002721   0.282361   0.471603 
19     A228     -245    -987    167       0.000000   0.000000   0.000000   0.000000   0.000000   0.000000   0.000000   0.000000   0.000000   0.000000   0.000000  -0.108551   0.000000   0.056615  -0.087474  -0.144720  -0.031766  -0.272266   0.023958  -0.397103  -0.879329  -0.301799   1.511519 
20     A35      29      -487    892       0.000000   0.000000   0.000000   0.000000   0.000000   0.000000   0.000000   0.000000   0.000000   0.000000   0.000000  -0.058854   0.000000  -0.045844  -0.077977   0.566495  -0.019119  -0.132946   0.038040   0.068274  -0.276245   0.176945   0.754533 
21     A191     -499    1133    127       0.000000   0.000000   0.000000   0.000000   0.000000   0.000000   0.000000   0.000000   0.000000   0.000000   0.000000   0.525469   0.000000  -0.047918   0.456145  -0.200863  -0.025901   0.676084  -0.105589  -0.420941   0.994047  -0.598032  -0.832832 
22     A37      412     30      -1021     0.000000   0.000000   0.000000   0.000000   0.000000   0.000000   0.000000   0.000000   0.000000   0.000000   0.000000   0.336613   0.000000   0.077911   0.300728  -0.604543   0.060075   0.505334  -0.039542  -0.160950   0.239207   0.167300  -0.869938 
23     A170     322     -1005   -71       0.000000   0.000000   0.000000   0.000000   0.000000   0.000000   0.000000   0.000000   0.000000   0.000000   0.000000   0.084814   0.000000  -0.009765  -0.031247   0.670657  -0.027845  -0.077236   0.017070  -1.209025  -0.605885   0.311058   0.516549 
24     A207     837     -951    -308      0.000000   0.000000   0.000000   0.000000   0.000000   0.000000   0.000000   0.000000   0.000000   0.000000   0.000000  -0.176538   0.000000  -0.026507  -0.237563   0.779158  -0.018588  -0.254671   0.104086   0.240424  -1.455673   1.035153   0.448161 
25     A112     189     -1143   483       0.000000   0.000000   0.000000   0.000000   0.000000   0.000000   0.000000   0.000000   0.000000   0.000000   0.000000  -0.044921   0.000000   0.013663  -0.107766   0.046953   0.008198  -0.182986   0.034026  -0.141548  -0.867980   0.244508   1.195847 
26     A224     -730    1028    250       0.000000   0.000000   0.000000   0.000000   0.000000   0.000000   0.000000   0.000000   0.000000   0.000000   0.000000   0.469485   0.000000  -0.033441   0.306236  -0.828841  -0.059295   0.330219  -0.089126   0.139038  -0.270508  -0.613291  -0.380125 
27     A82      -155    1018    -657      0.000000   0.000000   0.000000   0.000000   0.000000   0.000000   0.000000   0.000000   0.000000   0.000000   0.000000   0.530735   0.000000  -0.013425   0.371038  -0.346738   0.045039   0.585997  -0.051234   0.284704   0.571359  -0.159373  -0.895466 
28     A238     1095    18      -467      0.000000   0.000000   0.000000   0.000000   0.000000   0.000000   0.000000   0.000000   0.000000   0.000000   0.000000  -0.075257   0.000000  -0.134685  -0.187376   1.369002  -0.021669  -0.101194   0.105424   0.304477  -0.044960   1.493015  -0.584776 
29     A202     -1024   -285    448       0.000000   0.000000   0.000000   0.000000   0.000000   0.000000   0.000000   0.000000   0.000000   0.000000   0.000000   0.555172   0.000000   0.103673   0.485345  -1.147182   0.019979   0.537305  -0.093707  -0.378323  -0.385627  -1.248181   0.322749 
30     A220     -1127   117     457       0.000000   0.000000   0.000000   0.000000   0.000000   0.000000   0.000000   0.000000   0.000000   0.000000   0.000000   0.451573   0.000000   0.077468   0.406650  -1.404432   0.017793   0.530348  -0.104864  -0.337132  -0.080592  -1.066283  -0.200726 
31     A28      780     4       697       0.000000   0.000000   0.000000   0.000000   0.000000   0.000000   0.000000   0.000000   0.000000   0.000000   0.000000  -0.101850   0.000000  -0.050394  -0.112352   0.453006  -0.004608  -0.060953   0.036574   0.074836  -0.104887   0.408296   0.546226 
32     A239     -1118   237     455       0.000000   0.000000   0.000000   0.000000   0.000000   0.000000   0.000000   0.000000   0.000000   0.000000   0.000000   0.481476   0.000000   0.097459   0.422473  -1.398514   0.012165   0.487276  -0.130104  -0.441215   0.132710  -1.405553   0.107304 
33     A13      -607    244     -889      0.000000   0.000000   0.000000   0.000000   0.000000   0.000000   0.000000   0.000000   0.000000   0.000000   0.000000   0.514702   0.000000   0.021322   0.377594  -0.369290   0.002040   0.507249  -0.056716  -0.128267   0.185880  -0.331844  -0.513997 
34     A165     1124    -234    -441      0.000000   0.000000   0.000000   0.000000   0.000000   0.000000   0.000000   0.000000   0.000000   0.000000   0.000000   0.018252   0.000000  -0.087181  -0.054933   1.157935  -0.013693  -0.052940   0.087279   0.266917  -0.147280   1.033126  -0.106310 
35     A204     1078    -236    -452      0.000000   0.000000   0.000000   0.000000   0.000000   0.000000   0.000000   0.000000   0.000000   0.000000   0.000000  -0.102866   0.000000  -0.106054  -0.063768   1.195163  -0.029555   0.065203   0.095791   0.371768  -0.196035   1.248218   0.036307 
36     A233     144     -1190   -49       0.000000   0.000000   0.000000   0.000000   0.000000   0.000000   0.000000   0.000000   0.000000   0.000000   0.000000   0.180701   0.000000   0.027776   0.200208   0.237001  -0.028403   0.201139   0.062799   0.272138  -0.899948  -0.067945   0.540871 
37     A98      122     1108    389       0.000000   0.000000   0.000000   0.000000   0.000000   0.000000   0.000000   0.000000   0.000000   0.000000   0.000000   0.066632   0.000000  -0.026822   0.092638   0.082170   0.036282   0.065074  -0.031370  -0.252510   0.599341   0.140230   0.033444 
38     A25      -351    -563    -874      0.000000   0.000000   0.000000   0.000000   0.000000   0.000000   0.000000   0.000000   0.000000   0.000000   0.000000   0.260787   0.000000   0.037782   0.219963  -0.376636  -0.028138   0.247495  -0.022355   0.028352  -0.226202  -0.168764  -0.342312 
39     A70      -433    -924    -502      0.000000   0.000000   0.000000   0.000000   0.000000   0.000000   0.000000   0.000000   0.000000   0.000000   0.000000   0.513112   0.000000   0.036921   0.335918  -0.273902  -0.039453   0.527724  -0.010936   0.144516  -0.472111  -0.329491  -0.094553 
40     A72      824     669     347       0.000000   0.000000   0.000000   0.000000   0.000000   0.000000   0.000000   0.000000   0.000000   0.000000   0.000000  -0.251608   0.000000  -0.059264  -0.212277   0.537507   0.006573  -0.216153   0.029410  -0.068472   0.385302   0.535625   0.179236 
41     A11      -587    -257    -863      0.000000   0.000000   0.000000   0.000000   0.000000   0.000000   0.000000   0.000000   0.000000   0.000000   0.000000   0.313307   0.000000   0.044600   0.105530  -0.518902  -0.039777   0.266533  -0.020061   0.085295  -0.144338  -0.167518  -0.083375 
42     A47      -816    -462    -496      0.000000   0.000000   0.000000   0.000000   0.000000   0.000000   0.000000   0.000000   0.000000   0.000000   0.000000   0.315175   0.000000   0.052793   0.227502  -0.516874  -0.025355   0.279008  -0.031938   0.038078  -0.248418  -0.411974  -0.300128 
43     A160     -546    -1000   236       0.000000   0.000000   0.000000   0.000000   0.000000   0.000000   0.000000   0.000000   0.000000   0.000000   0.000000   0.501671   0.000000   0.060594   0.319706  -0.463703   0.004836   0.522715  -0.027288   0.015793  -0.786736  -0.798922   0.228567 
44     A64      342     -802    -754      0.000000   0.000000   0.000000   0.000000   0.000000   0.000000   0.000000   0.000000   0.000000   0.000000   0.000000   0.205548   0.000000   0.043603   0.017350  -0.277660  -0.043884   0.293605   0.015276   0.046290  -0.238862   0.248308   0.064654 
45     A3       305     -2      992       0.000000   0.000000   0.000000   0.000000   0.000000   0.000000   0.000000   0.000000   0.000000   0.000000   0.000000  -0.152259   0.000000  -0.051936  -0.171664   0.563127  -0.003998  -0.210596   0.040607   0.142927  -0.088309   0.340788   0.454206 
46     A177     -662    1045    255       0.000000   0.000000   0.000000   0.000000   0.000000   0.000000   0.000000   0.000000   0.000000   0.000000   0.000000   0.491928   0.000000  -0.007102   0.469961  -0.541812   0.047776   0.640679  -0.122166  -0.245137   0.676372  -0.757814  -0.534452 
47     A63      491     -553    -806      0.000000   0.000000   0.000000   0.000000   0.000000   0.000000   0.000000   0.000000   0.000000   0.000000   0.000000   0.333052   0.000000   0.054759   0.224183  -0.349129  -0.011529   0.367017   0.004773  -0.039780  -0.103292   0.404851  -0.192348 
48     A155     -160    1214    36        0.000000   0.000000   0.000000   0.000000   0.000000   0.000000   0.000000   0.000000   0.000000   0.000000   0.000000   0.189596   0.000000  -0.020719   0.141008  -0.257143   0.045102   0.385306  -0.068402  -0.170022   0.833976   0.026116  -0.547188 
49     A10      -387    -281    -935      0.000000   0.000000   0.000000   0.000000   0.000000   0.000000   0.000000   0.000000   0.000000   0.000000   0.000000   0.128746   0.000000   0.048916   0.164534  -0.491135  -0.053375   0.260115  -0.008511   0.128295  -0.071810  -0.057635  -0.218427 
50     A127     -84     1217    158       0.000000   0.000000   0.000000   0.000000   0.000000   0.000000   0.000000   0.000000   0.000000   0.000000   0.000000   0.255873   0.000000  -0.024021   0.020483  -0.118978   0.069205   0.482479  -0.066268  -0.190264   0.851321   0.008612  -0.473776 
51     A67      -115    -1013   -596      0.000000   0.000000   0.000000   0.000000   0.000000   0.000000   0.000000   0.000000   0.000000   0.000000   0.000000   0.216221   0.000000   0.031720   0.251532  -0.212197  -0.077755   0.236073   0.017211   0.167635  -0.489326  -0.084024   0.113006 
52     A115     -79     1178    -484      0.000000   0.000000   0.000000   0.000000   0.000000   0.000000   0.000000   0.000000   0.000000   0.000000   0.000000   0.694826   0.000000  -0.038785   0.587828  -0.123437   0.050579   0.847592  -0.071262   0.141749   1.107398  -0.261624  -1.566388 
53     A247     -193    -1170   168       0.000000   0.000000   0.000000   0.000000   0.000000   0.000000   0.000000   0.000000   0.000000   0.000000   0.000000  -0.023709   0.000000   0.069590  -0.113156  -0.150111  -0.026779  -0.230000   0.030767  -0.481866  -1.098274  -0.241145   1.866920 
54     A174     70      1251    -127      0.000000   0.000000   0.000000   0.000000   0.000000   0.000000   0.000000   0.000000   0.000000   0.000000   0.000000   0.365074   0.000000  -0.065823   0.379958   0.144552   0.030236   0.514528  -0.046359   0.275109   1.131658  -0.013422  -1.469483 
55     A194     369     1139    -223      0.000000   0.000000   0.000000   0.000000   0.000000   0.000000   0.000000   0.000000   0.000000   0.000000   0.000000   0.528279   0.000000  -0.083882   0.397345   0.330969   0.028947   0.561766  -0.020315   0.436200   0.969455   0.354600  -1.524611 
56     A5       68      -31     925       0.000000   0.000000   0.000000   0.000000   0.000000   0.000000   0.000000   0.000000   0.000000   0.000000   0.000000  -0.031499   0.000000  -0.062296  -0.030774   0.584898  -0.019714  -0.026491   0.036277   0.238497  -0.099401   0.221632   0.578594 
57     A242     806     -933    -303      0.000000   0.000000   0.000000   0.000000   0.000000   0.000000   0.000000   0.000000   0.000000   0.000000   0.000000  -0.062025   0.000000  -0.045178  -0.162850   1.303227  -0.020725  -0.116439   0.076760  -0.841569  -0.663323   0.926881   0.252202 
58     A176     421     909     -244      0.000000   0.000000   0.000000   0.000000   0.000000   0.000000   0.000000   0.000000   0.000000   0.000000   0.000000   0.136509   0.000000  -0.048793   0.139342   0.229728   0.049937   0.241141  -0.004751   0.394449   0.801137   0.459331  -1.362142 
59     A78      -875    705     -381      0.000000   0.000000   0.000000   0.000000   0.000000   0.000000   0.000000   0.000000   0.000000   0.000000   0.000000   0.479808   0.000000   0.016902   0.393525  -0.343466   0.002954   0.572986  -0.088085  -0.500544   0.523360  -0.597096  -0.617605 
60     A168     815     -932    -282      0.000000   0.000000   0.000000   0.000000   0.000000   0.000000   0.000000   0.000000   0.000000   0.000000   0.000000   0.027046   0.000000  -0.033628  -0.073568   0.697416  -0.024294  -0.123145   0.086501   0.183184  -1.447511   0.894801   0.253961 
61     A31      360     -522    929       0.000000   0.000000   0.000000   0.000000   0.000000   0.000000   0.000000   0.000000   0.000000   0.000000   0.000000  -0.118735   0.000000  -0.030376  -0.118311   0.247738   0.008102  -0.221489   0.029273   0.149708  -0.361801   0.260839   0.728117 
62     A223     924     -863    -329      0.000000   0.000000   0.000000   0.000000   0.000000   0.000000   0.000000   0.000000   0.000000   0.000000   0.000000  -0.310232   0.000000  -0.040837  -0.330928   0.982809  -0.014849  -0.463241   0.119508   0.306038  -1.464899   1.142521   0.306231 
63     A245     50      1199    -128      0.000000   0.000000   0.000000   0.000000   0.000000   0.000000   0.000000   0.000000   0.000000   0.000000   0.000000   0.451436   0.000000  -0.079186   0.315054  -0.017637   0.014454   0.502071  -0.049734   0.545991   1.023386   0.062638  -1.336613 
64     A219     -1073   -155    441       0.000000   0.000000   0.000000   0.000000   0.000000   0.000000   0.000000   0.000000   0.000000   0.000000   0.000000   0.642475   0.000000   0.087194   0.647228  -1.265164   0.020314   0.724411  -0.106430  -0.407437  -0.260845  -1.185966  -0.125105 
65     A12      -624    -16     -872      0.000000   0.000000   0.000000   0.000000   0.000000   0.000000   0.000000   0.000000   0.000000   0.000000   0.000000   0.378779   0.000000   0.038441   0.323859  -0.549744  -0.038148   0.425540  -0.027352   0.060365  -0.029958  -0.125068  -0.054165 
66     A186     -1116   94      450       0.000000   0.000000   0.000000   0.000000   0.000000   0.000000   0.000000   0.000000   0.000000   0.000000   0.000000   0.441606   0.000000   0.079886   0.402437  -1.162208   0.025030   0.446151  -0.106869  -0.458916  -0.061717  -1.096382  -0.228447 
67     A105     -1105   42      15        0.000000   0.000000   0.000000   0.000000   0.000000   0.000000   0.000000   0.000000   0.000000   0.000000   0.000000   0.377082   0.000000   0.073737   0.282420  -0.926330  -0.005784   0.428450  -0.064720  -0.097711  -0.078894  -0.619186   0.062886 
68     A222     -915    540     342       0.000000   0.000000   0.000000   0.000000   0.000000   0.000000   0.000000   0.000000   0.000000   0.000000   0.000000   0.416943   0.000000   0.043491   0.340488  -1.116226  -0.014410   0.457887  -0.103604  -0.173145   0.364442  -0.937954   0.104204 
69     A76      -1119   270     -295      0.000000   0.000000   0.000000   0.000000   0.000000   0.000000   0.000000   0.000000   0.000000   0.000000   0.000000   0.654831   0.000000   0.040960   0.592074  -0.713391   0.011737   0.850209  -0.101637  -0.148700   0.131273  -0.656736  -0.318067 
70     A50      -979    267     -535      0.000000   0.000000   0.000000   0.000000   0.000000   0.000000   0.000000   0.000000   0.000000   0.000000   0.000000   0.304019   0.000000   0.046557   0.311620  -0.593064  -0.003107   0.420910  -0.058786  -0.018419   0.138928  -0.403422  -0.262242 
71     A188     1046    -613    -415      0.000000   0.000000   0.000000   0.000000   0.000000   0.000000   0.000000   0.000000   0.000000   0.000000   0.000000  -0.114721   0.000000  -0.096082  -0.147498   1.004064  -0.048287  -0.177190   0.175871   0.261907  -0.497146   1.035455   0.166684 
72     A231     147     -1209   -31       0.000000   0.000000   0.000000   0.000000   0.000000   0.000000   0.000000   0.000000   0.000000   0.000000   0.000000  -0.151578   0.000000   0.036574  -0.164250   0.245709  -0.021329  -0.152352   0.073205   0.256078  -0.938365  -0.078128   0.629554 
73     A45      -456    -744    -682      0.000000   0.000000   0.000000   0.000000   0.000000   0.000000   0.000000   0.000000   0.000000   0.000000   0.000000   0.478472   0.000000   0.036156   0.447337  -0.306016  -0.044195   0.501992  -0.018536   0.074477  -0.343130  -0.261915  -0.261596 
74     A180     162     -1229   -31       0.000000   0.000000   0.000000   0.000000   0.000000   0.000000   0.000000   0.000000   0.000000   0.000000   0.000000  -0.124312   0.000000   0.032061  -0.070222   0.252624  -0.013162  -0.098431   0.058643   0.247425  -0.893434  -0.126574   0.332766 
75     A99      -356    -1097   -309      0.000000   0.000000   0.000000   0.000000   0.000000   0.000000   0.000000   0.000000   0.000000   0.000000   0.000000   0.521782   0.000000   0.034750   0.389844  -0.203332  -0.042868   0.387992   0.005765   0.179710  -0.651793  -0.347397   0.044397 
76     A234     -522    -929    237       0.000000   0.000000   0.000000   0.000000   0.000000   0.000000   0.000000   0.000000   0.000000   0.000000   0.000000   0.296580   0.000000   0.092165   0.284220  -0.534920   0.024513   0.289124  -0.030193  -0.134520  -0.787241  -1.044902   0.264507 
77     A215     -407    -986    180       0.000000   0.000000   0.000000   0.000000   0.000000   0.000000   0.000000   0.000000   0.000000   0.000000   0.000000   0.494923   0.000000   0.072065   0.287384  -0.361643   0.011243   0.377377  -0.015707  -0.071214  -0.828339  -0.841042   0.313577 
78     A235     -771    -799    341       0.000000   0.000000   0.000000   0.000000   0.000000   0.000000   0.000000   0.000000   0.000000   0.000000   0.000000   0.457157   0.000000   0.109934   0.400957  -0.871205   0.034484   0.435462  -0.063847  -0.256956  -0.711281  -1.314264   0.279041 
79     A181     415     1028    -206      0.000000   0.000000   0.000000   0.000000   0.000000   0.000000   0.000000   0.000000   0.000000   0.000000   0.000000   0.166586   0.000000  -0.079517   0.106098   0.307359  -0.000291   0.196607  -0.004268  -0.007295   0.804554   0.772497  -0.342039 
80     A38      -414    280     1016      0.000000   0.000000   0.000000   0.000000   0.000000   0.000000   0.000000   0.000000   0.000000   0.000000   0.000000  -0.251147   0.000000  -0.064513  -0.308537   0.563001  -0.019487  -0.226345   0.013336   0.141488   0.039933  -0.252324   0.423928 
81     A230     -297    1156    66        0.000000   0.000000   0.000000   0.000000   0.000000   0.000000   0.000000   0.000000   0.000000   0.000000   0.000000   0.314548   0.000000  -0.024327   0.250390  -0.416330   0.035495   0.403709  -0.095201  -0.248443   0.891193  -0.125151  -0.659626 
82     A91      -787    562     741       0.000000   0.000000   0.000000   0.000000   0.000000   0.000000   0.000000   0.000000   0.000000   0.000000   0.000000   0.358944   0.000000  -0.041283   0.297492   0.084125  -0.000643   0.480041  -0.072636  -0.037160   0.205638  -0.979164   0.003691 
83     A212     -375    1232    115       0.000000   0.000000   0.000000   0.000000   0.000000   0.000000   0.000000   0.000000   0.000000   0.000000   0.000000   0.357668   0.000000  -0.019330   0.292478  -0.464953   0.050646   0.522479  -0.105002  -0.216029   0.847077  -0.252275  -0.697000 
84     A24      247     539     926       0.000000   0.000000   0.000000   0.000000   0.000000   0.000000   0.000000   0.000000   0.000000   0.000000   0.000000  -0.122083   0.000000  -0.036879  -0.241391   0.361928   0.019350  -0.064469   0.015529   0.060302   0.275321   0.165076   0.293441 
85     A66      -97     -975    -577      0.000000   0.000000   0.000000   0.000000   0.000000   0.000000   0.000000   0.000000   0.000000   0.000000   0.000000  -0.175268   0.000000   0.043859  -0.131249  -0.260655  -0.062771  -0.222409   0.024668   0.127295  -0.429762  -0.128172   0.100550 
86     A42      201     833     809       0.000000   0.000000   0.000000   0.000000   0.000000   0.000000   0.000000   0.000000   0.000000   0.000000   0.000000   0.036312   0.000000  -0.042341  -0.098914   0.376102   0.032750   0.066767   0.000056  -0.010644   0.485405   0.177478   0.184185 
87     A96      -18     -1131   -393      0.000000   0.000000   0.000000   0.000000   0.000000   0.000000   0.000000   0.000000   0.000000   0.000000   0.000000   0.150020   0.000000   0.021452   0.066499  -0.082259  -0.072850   0.192120   0.036319   0.232692  -0.611451  -0.012824   0.302098 
88     A57      -219    844     -834      0.000000   0.000000   0.000000   0.000000   0.000000   0.000000   0.000000   0.000000   0.000000   0.000000   0.000000   0.616370   0.000000   0.019248   0.526293  -0.429967   0.058382   0.767252  -0.075174  -0.118872   0.694850  -0.357934  -1.137624 
89     A86      -296    -797    798       0.000000   0.000000   0.000000   0.000000   0.000000   0.000000   0.000000   0.000000   0.000000   0.000000   0.000000   0.007197   0.000000  -0.031597  -0.174185   0.404686  -0.060470  -0.385519   0.038537  -0.101780  -0.601157  -0.162395   1.438327 
90     A56      243     -799    824       0.000000   0.000000   0.000000   0.000000   0.000000   0.000000   0.000000   0.000000   0.000000   0.000000   0.000000   0.114591   0.000000  -0.034756  -0.068524   0.466431  -0.026820   0.079539   0.038088  -0.077565  -0.336752   0.309540   0.936322 
91     A116     -149    -1059   538       0.000000   0.000000   0.000000   0.000000   0.000000   0.000000   0.000000   0.000000   0.000000   0.000000   0.000000  -0.153430   0.000000   0.011931  -0.204012   0.173076  -0.046154  -0.319694   0.037578  -0.279917  -0.822370  -0.050481   1.547486 
92     A151     927     638     -615      0.000000   0.000000   0.000000   0.000000   0.000000   0.000000   0.000000   0.000000   0.000000   0.000000   0.000000   0.381459   0.000000  -0.021848   0.198121   0.206484   0.065667   0.448535   0.027308   0.278309   0.605194   1.128060  -1.276603 
93     A141     -708    900     64        0.000000   0.000000   0.000000   0.000000   0.000000   0.000000   0.000000   0.000000   0.000000   0.000000   0.000000   0.521635   0.000000  -0.016660   0.471423  -0.277363  -0.022195   0.612941  -0.104567  -0.625563   0.715373  -0.649857  -0.538688 
94     A120     796     302     -755      0.000000   0.000000   0.000000   0.000000   0.000000   0.000000   0.000000   0.000000   0.000000   0.000000   0.000000   0.248725   0.000000   0.031635   0.045441  -0.212976   0.068453   0.280609   0.015399   0.141766   0.421245   0.927330  -1.046676 
95     A189     890     -836    -346      0.000000   0.000000   0.000000   0.000000   0.000000   0.000000   0.000000   0.000000   0.000000   0.000000   0.000000  -0.239545   0.000000  -0.044672  -0.183176   0.996915  -0.025642  -0.274392   0.095156  -0.111688  -0.602338   1.019747   0.279962 
96     A80      -477    968     -560      0.000000   0.000000   0.000000   0.000000   0.000000   0.000000   0.000000   0.000000   0.000000   0.000000   0.000000   0.560196   0.000000  -0.014017   0.331478  -0.339762   0.016046   0.525446  -0.050054   0.230325  -0.145652  -0.239801  -0.739039 
97     A210     -43     -1158   96        0.000000   0.000000   0.000000   0.000000   0.000000   0.000000   0.000000   0.000000   0.000000   0.000000   0.000000  -0.085977   0.000000   0.064433  -0.202690  -0.241199   0.012438  -0.229575   0.032823  -0.194527  -1.002861  -0.002474   1.465562 
98     A143     309     -1132   125       0.000000   0.000000   0.000000   0.000000   0.000000   0.000000   0.000000   0.000000   0.000000   0.000000   0.000000  -0.053441   0.000000   0.012529  -0.104270   0.180181  -0.019353  -0.197878   0.052143  -0.136452  -1.479129   0.455588   0.850862 
99     A113     -79     1130    -454      0.000000   0.000000   0.000000   0.000000   0.000000   0.000000   0.000000   0.000000   0.000000   0.000000   0.000000   0.368771   0.000000  -0.033335   0.232834  -0.226564   0.032045   0.443211  -0.043864   0.400670   0.753464  -0.086963  -0.982642 
100    A27      828     309     756       0.000000   0.000000   0.000000   0.000000   0.000000   0.000000   0.000000   0.000000   0.000000   0.000000   0.000000  -0.101336   0.000000  -0.068904  -0.082088   0.565528   0.016310  -0.059974   0.027307  -0.076264   0.109599   0.462934  -0.119401 
101    A137     -1157   81      267       0.000000   0.000000   0.000000   0.000000   0.000000   0.000000   0.000000   0.000000   0.000000   0.000000   0.000000   0.494583   0.000000   0.090137   0.422629  -1.123622   0.014105   0.636806  -0.094759  -0.180893  -0.028804  -0.934753   0.152561 
102    A135     -1008   -445    210       0.000000   0.000000   0.000000   0.000000   0.000000   0.000000   0.000000   0.000000   0.000000   0.000000   0.000000   0.333683   0.000000   0.084864   0.316659  -0.883842   0.019599   0.323704  -0.062309  -0.220881  -0.411510  -0.860813  -0.258854 
103    A167     -928    696     345       0.000000   0.000000   0.000000   0.000000   0.000000   0.000000   0.000000   0.000000   0.000000   0.000000   0.000000   0.338982   0.000000   0.038307   0.289113  -0.913309  -0.008405   0.399166  -0.093410  -0.133535   0.450192  -0.852012  -0.004738 
104    A75      -1116   18      -273      0.000000   0.000000   0.000000   0.000000   0.000000   0.000000   0.000000   0.000000   0.000000   0.000000   0.000000   0.563851   0.000000   0.061259   0.466275  -0.717392  -0.000030   0.673180  -0.075369  -0.111737  -0.034228  -0.555398  -0.234049 
105    A240     986     -473    -399      0.000000   0.000000   0.000000   0.000000   0.000000   0.000000   0.000000   0.000000   0.000000   0.000000   0.000000  -0.418602   0.000000  -0.079835  -0.363004   1.207022  -0.013613  -0.416842   0.120841   0.393893  -0.405804   1.306440   0.188675 
106    A206     -973    715     373       0.000000   0.000000   0.000000   0.000000   0.000000   0.000000   0.000000   0.000000   0.000000   0.000000   0.000000   0.395910   0.000000   0.041971   0.377770  -1.045832  -0.006044   0.465623  -0.119766  -0.230931   0.534539  -1.079634  -0.127876 
107    A107     -1051   509     -62       0.000000   0.000000   0.000000   0.000000   0.000000   0.000000   0.000000   0.000000   0.000000   0.000000   0.000000   0.369836   0.000000   0.045790   0.369023  -0.818588   0.015206   0.409104  -0.092687  -0.085684   0.245690  -0.720214  -0.139853 
108    A130     37      1202    173       0.000000   0.000000   0.000000   0.000000   0.000000   0.000000   0.000000   0.000000   0.000000   0.000000   0.000000   0.262895   0.000000  -0.027055   0.166121  -0.113527   0.042807   0.471872  -0.059049  -0.168199   0.663215   0.131527  -0.233737 
109    A100     538     945     208       0.000000   0.000000   0.000000   0.000000   0.000000   0.000000   0.000000   0.000000   0.000000   0.000000   0.000000  -0.140882   0.000000  -0.052129   0.000121   0.343291   0.012471  -0.013546   0.003437  -0.130233   0.600894   0.472618   0.067520 
110    A43      196     815     814       0.000000   0.000000   0.000000   0.000000   0.000000   0.000000   0.000000   0.000000   0.000000   0.000000   0.000000  -0.081599   0.000000  -0.026069  -0.023956   0.272254   0.031605   0.034635  -0.007146  -0.051310   0.310739   0.086111   0.105414 
111    A200     738     772     -334      0.000000   0.000000   0.000000   0.000000   0.000000   0.000000   0.000000   0.000000   0.000000   0.000000   0.000000  -0.121330   0.000000  -0.101159  -0.078080   0.760721  -0.019196  -0.099082   0.048183   0.155025   0.658173   1.088058  -0.244230 
112    A102     -914    -648    -85       0.000000   0.000000   0.000000   0.000000   0.000000   0.000000   0.000000   0.000000   0.000000   0.000000   0.000000   0.617815   0.000000   0.076221   0.579605  -0.645996   0.007189   0.608053  -0.061294  -0.109862  -0.417397  -0.794691  -0.322562 
113    A132     -521    -1094   3         0.000000   0.000000   0.000000   0.000000   0.000000   0.000000   0.000000   0.000000   0.000000   0.000000   0.000000   0.470674   0.000000   0.056013   0.251651  -0.379951  -0.011512   0.383559  -0.014001   0.112993  -0.774551  -0.677548   0.054661 
114    A183     846     705     -383      0.000000   0.000000   0.000000   0.000000   0.000000   0.000000   0.000000   0.000000   0.000000   0.000000   0.000000  -0.225182   0.000000  -0.101524  -0.227512   0.813006  -0.014844  -0.182243   0.057643   0.210191   0.558543   1.098956  -0.196396 
115    A199     -551    -994    241       0.000000   0.000000   0.000000   0.000000   0.000000   0.000000   0.000000   0.000000   0.000000   0.000000   0.000000   0.240988   0.000000   0.086698   0.195388  -0.538010   0.017260   0.214515  -0.024419  -0.058756  -0.847951  -0.973130   0.252551 
116    A122     -935    289     533       0.000000   0.000000   0.000000   0.000000   0.000000   0.000000   0.000000   0.000000   0.000000   0.000000   0.000000   0.236098   0.000000  -0.002406   0.189910  -0.129128   0.003713   0.183162  -0.087217  -0.236965  -0.031544  -1.331384   0.040786 
117    A19      149     1       -1010     0.000000   0.000000   0.000000   0.000000   0.000000   0.000000   0.000000   0.000000   0.000000   0.000000   0.000000   0.547011   0.000000   0.073792   0.405137  -0.647206   0.036875   0.547997  -0.055639  -0.244541   0.191765  -0.125885  -0.780090 
118    A62      -602    258     831       0.000000   0.000000   0.000000   0.000000   0.000000   0.000000   0.000000   0.000000   0.000000   0.000000   0.000000  -0.032813   0.000000  -0.057692  -0.124145   0.363452  -0.027827   0.039279  -0.010994   0.126376  -0.070145  -0.468588   0.546591 
119    A21      -27     -552    -1005     0.000000   0.000000   0.000000   0.000000   0.000000   0.000000   0.000000   0.000000   0.000000   0.000000   0.000000   0.563795   0.000000   0.067971   0.435250  -0.649837  -0.029252   0.611792  -0.038474  -0.116475  -0.131167  -0.154791  -0.323510 
120    A229     -490    1139    132       0.000000   0.000000   0.000000   0.000000   0.000000   0.000000   0.000000   0.000000   0.000000   0.000000   0.000000   0.410308   0.000000  -0.013546   0.187053  -0.585724   0.039790   0.492146  -0.113472  -0.247628   0.836680  -0.455782  -0.547488 
121    A84      146     -1015   672       0.000000   0.000000   0.000000   0.000000   0.000000   0.000000   0.000000   0.000000   0.000000   0.000000   0.000000  -0.568811   0.000000   0.009489  -0.564889   0.359196  -0.002006  -0.722825   0.059907  -0.179906  -0.694484   0.277761   1.238509 
122    A213     173     -1280   -52       0.000000   0.000000   0.000000   0.000000   0.000000   0.000000   0.000000   0.000000   0.000000   0.000000   0.000000  -0.067118   0.000000   0.019992  -0.260513   0.274808  -0.054337  -0.145767   0.080861   0.294362  -0.930381  -0.033609   0.889769 
123    A55      213     -755    778       0.000000   0.000000   0.000000   0.000000   0.000000   0.000000   0.000000   0.000000   0.000000   0.000000   0.000000  -0.057153   0.000000  -0.016397  -0.209737   0.357997   0.024196  -0.061406   0.018448  -0.160243  -0.400923   0.144888   0.770101 
124    A32      282     -552    982       0.000000   0.000000   0.000000   0.000000   0.000000   0.000000   0.000000   0.000000   0.000000   0.000000   0.000000  -0.067361   0.000000  -0.041132  -0.114300   0.496384  -0.003087  -0.166203   0.033891  -0.047898  -0.280566   0.253482   0.760893 
125    A85      -99     -972    735       0.000000   0.000000   0.000000   0.000000   0.000000   0.000000   0.000000   0.000000   0.000000   0.000000   0.000000  -0.048829   0.000000  -0.019878  -0.192645   0.401747  -0.048514  -0.301337   0.043961  -0.177117  -0.752680   0.042848   1.479738 
126    A146     14      1209    -221      0.000000   0.000000   0.000000   0.000000   0.000000   0.000000   0.000000   0.000000   0.000000   0.000000   0.000000   0.553929   0.000000  -0.064698   0.443420   0.045660   0.015038   0.641982  -0.046164   0.260976   1.012280  -0.045843  -1.261804 
127    A58      -38     -749    882       0.000000   0.000000   0.000000   0.000000   0.000000   0.000000   0.000000   0.000000   0.000000   0.000000   0.000000  -0.124021   0.000000  -0.036750  -0.193532   0.530808  -0.019498  -0.317088   0.042978  -0.046708  -0.513771   0.122640   1.060518 
128    A60      388     345     -1010     0.000000   0.000000   0.000000   0.000000   0.000000   0.000000   0.000000   0.000000   0.000000   0.000000   0.000000   0.457679   0.000000   0.060258   0.324450  -0.602537   0.068702   0.481933  -0.039548  -0.087322   0.352063   0.204678  -1.002343 
129    A88      -621    -322    902       0.000000   0.000000   0.000000   0.000000   0.000000   0.000000   0.000000   0.000000   0.000000   0.000000   0.000000   0.120600   0.000000  -0.048941   0.050913   0.423654  -0.058775   0.056075  -0.000903   0.004343  -0.339199  -0.601730   1.010361 
130    A79      656     -786    439       0.000000   0.000000   0.000000   0.000000   0.000000   0.000000   0.000000   0.000000   0.000000   0.000000   0.000000  -0.229566   0.000000  -0.044101  -0.169036   0.604281  -0.032893  -0.250975   0.044790  -0.538562  -0.566347   0.477701   0.821396 
131    A169     -618    1109    170       0.000000   0.000000   0.000000   0.000000   0.000000   0.000000   0.000000   0.000000   0.000000   0.000000   0.000000   0.585473   0.000000  -0.050128   0.368109  -0.586078  -0.050228   0.508470  -0.073537   0.290944  -0.574984  -0.378748  -0.449397 
132    A54      -277    795     -820      0.000000   0.000000   0.000000   0.000000   0.000000   0.000000   0.000000   0.000000   0.000000   0.000000   0.000000   0.278140   0.000000   0.006885   0.316436  -0.437122   0.020797   0.403987  -0.035201   0.220321   0.321252  -0.121137  -0.429223 
133    A203     -1130   -28     466       0.000000   0.000000   0.000000   0.000000   0.000000   0.000000   0.000000   0.000000   0.000000   0.000000   0.000000   0.636841   0.000000   0.100552   0.545017  -1.304091   0.013150   0.717316  -0.116333  -0.386040  -0.094932  -1.314614   0.169787 
134    A145     4       1165    -219      0.000000   0.000000   0.000000   0.000000   0.000000   0.000000   0.000000   0.000000   0.000000   0.000000   0.000000   0.312243   0.000000  -0.065667   0.214347   0.033624   0.021862   0.431848  -0.031357   0.238817   0.674975   0.122833  -1.324162 
135    A103     1012    411     20        0.000000   0.000000   0.000000   0.000000   0.000000   0.000000   0.000000   0.000000   0.000000   0.000000   0.000000  -0.415619   0.000000  -0.085133  -0.356659   0.805518  -0.030157  -0.381495   0.077707   0.115914   0.255600   0.839943   0.393118 
136    A163     -987    -311    403       0.000000   0.000000   0.000000   0.000000   0.000000   0.000000   0.000000   0.000000   0.000000   0.000000   0.000000   0.511435   0.000000   0.094282   0.473814  -0.983329   0.022300   0.577989  -0.090315  -0.301209  -0.328871  -1.128928   0.084515 
137    A139     1001    -551    -203      0.000000   0.000000   0.000000   0.000000   0.000000   0.000000   0.000000   0.000000   0.000000   0.000000   0.000000  -0.134093   0.000000  -0.067129  -0.165455   0.876162   0.006064  -0.100852   0.061730   0.126368  -0.433750   0.754731   0.065809 
138    A49      -1001   8       -503      0.000000   0.000000   0.000000   0.000000   0.000000   0.000000   0.000000   0.000000   0.000000   0.000000   0.000000   0.186129   0.000000   0.054043   0.077047  -0.591120  -0.000500   0.181203  -0.047615  -0.062440   0.027855  -0.380157  -0.225319 
139    A166     -1021   442     385       0.000000   0.000000   0.000000   0.000000   0.000000   0.000000   0.000000   0.000000   0.000000   0.000000   0.000000   0.281107   0.000000   0.058019   0.255885  -0.954744   0.029200   0.353819  -0.118442  -0.331709   0.241012  -1.080383  -0.071850 
140    A156     124     -1247   -47       0.000000   0.000000   0.000000   0.000000   0.000000   0.000000   0.000000   0.000000   0.000000   0.000000   0.000000  -0.293360   0.000000   0.028927  -0.161047   0.196869  -0.033786  -0.270035   0.069009   0.286720  -0.909217  -0.057828   0.551625 
141    A128     -103    1228    161       0.000000   0.000000   0.000000   0.000000   0.000000   0.000000   0.000000   0.000000   0.000000   0.000000   0.000000   0.140322   0.000000  -0.022944   0.141103  -0.150014   0.041616   0.266011  -0.062304  -0.232062   0.785434   0.049047  -0.334160 
142    A68      110     989     594       0.000000   0.000000   0.000000   0.000000   0.000000   0.000000   0.000000   0.000000   0.000000   0.000000   0.000000   0.060608   0.000000  -0.020987   0.076877   0.158831   0.050288   0.256994  -0.031793  -0.169633   0.450405   0.019637  -0.025029 
143    A159     -314    -1171   142       0.000000   0.000000   0.000000   0.000000   0.000000   0.000000   0.000000   0.000000   0.000000   0.000000   0.000000   0.445953   0.000000   0.048703   0.268553  -0.149424   0.004445   0.313608   0.003064   0.056347  -0.835611  -0.646603   0.250245 
144    A236     900     526     -396      0.000000   0.000000   0.000000   0.000000   0.000000   0.000000   0.000000   0.000000   0.000000   0.000000   0.000000  -0.644839   0.000000  -0.114297  -0.533757   1.055245  -0.036709  -0.645229   0.100159   0.401254   0.442269   1.451747  -0.137850 
145    A161     776     824     -312      0.000000   0.000000   0.000000   0.000000   0.000000   0.000000   0.000000   0.000000   0.000000   0.000000   0.000000  -0.039817   0.000000  -0.093365   0.021868   0.726025  -0.006326  -0.033849   0.036193   0.081811   0.661362   0.984201  -0.293419 
146    A121     -944    13      557       0.000000   0.000000   0.000000   0.000000   0.000000   0.000000   0.000000   0.000000   0.000000   0.000000   0.000000   0.170458   0.000000  -0.006025   0.130880  -0.110733  -0.032746   0.273023  -0.065681  -0.181183  -0.219320  -1.255976   0.539750 
147    A4       307     -30     1075      0.000000   0.000000   0.000000   0.000000   0.000000   0.000000   0.000000   0.000000   0.000000   0.000000   0.000000  -0.161238   0.000000  -0.062391  -0.113570   0.665094  -0.019616  -0.165611   0.055944   0.247963  -0.152141   0.469508   0.651505 
148    A61      650     33      -936      0.000000   0.000000   0.000000   0.000000   0.000000   0.000000   0.000000   0.000000   0.000000   0.000000   0.000000   0.462364   0.000000   0.049191   0.296310  -0.385956   0.048772   0.588590  -0.015009  -0.045626   0.132544   0.524047  -0.700536 
149    A6       -82     -243    -1025     0.000000   0.000000   0.000000   0.000000   0.000000   0.000000   0.000000   0.000000   0.000000   0.000000   0.000000   0.469133   0.000000   0.070090   0.297912  -0.601096   0.006249   0.479061  -0.052344  -0.219821   0.002821  -0.293697  -0.413536 
150    A126     -316    1146    248       0.000000   0.000000   0.000000   0.000000   0.000000   0.000000   0.000000   0.000000   0.000000   0.000000   0.000000   0.569179   0.000000  -0.026847   0.449808  -0.228464   0.053948   0.758255  -0.089008  -0.200080   0.724619  -0.269521  -0.466713 
151    A14      388     -265    981       0.000000   0.000000   0.000000   0.000000   0.000000   0.000000   0.000000   0.000000   0.000000   0.000000   0.000000  -0.204131   0.000000  -0.028784  -0.227963   0.411260   0.020210  -0.194232   0.027751   0.050739  -0.186171   0.183991   0.469292 
152    A94      220     -1125   -486      0.000000   0.000000   0.000000   0.000000   0.000000   0.000000   0.000000   0.000000   0.000000   0.000000   0.000000  -0.036110   0.000000   0.023020  -0.184980  -0.039176  -0.066723  -0.152329   0.058731   0.239691  -0.577259   0.205584   0.422206 
153    A15      -323    287     -1042     0.000000   0.000000   0.000000   0.000000   0.000000   0.000000   0.000000   0.000000   0.000000   0.000000   0.000000   0.319816   0.000000   0.046699   0.232547  -0.504074  -0.006800   0.365814  -0.031224  -0.031445   0.099623  -0.154448  -0.382092 
154    A193     -74     -995    94        0.000000   0.000000   0.000000   0.000000   0.000000   0.000000   0.000000   0.000000   0.000000   0.000000   0.000000   0.056999   0.000000   0.043339  -0.031582  -0.039421  -0.022169   0.035439   0.025541  -0.337032  -0.723427  -0.002952   1.161456 
155    A150     -694    -800    486       0.000000   0.000000   0.000000   0.000000   0.000000   0.000000   0.000000   0.000000   0.000000   0.000000   0.000000   0.092739   0.000000   0.012784   0.027603  -0.085143  -0.062290  -0.156144  -0.010542  -0.345013  -0.726589  -0.857357   1.537837 
156    A227     81      1187    -122      0.000000   0.000000   0.000000   0.000000   0.000000   0.000000   0.000000   0.000000   0.000000   0.000000   0.000000   0.523766   0.000000  -0.078273   0.504585   0.096298   0.007530   0.661256  -0.047984   0.356534   1.092919   0.070322  -1.467193 
157    A59      215     589     -935      0.000000   0.000000   0.000000   0.000000   0.000000   0.000000   0.000000   0.000000   0.000000   0.000000   0.000000   0.569637   0.000000   0.039544   0.391811  -0.642640   0.037863   0.568656  -0.041881   0.009743   0.385866   0.022176  -0.856339 
158    A36      -179    -382    1104      0.000000   0.000000   0.000000   0.000000   0.000000   0.000000   0.000000   0.000000   0.000000   0.000000   0.000000  -0.406945   0.000000  -0.059138  -0.339990   0.703496  -0.045507  -0.413820   0.054418   0.173322  -0.340318   0.045133   1.041388 
159    A225     -495    1125    152       0.000000   0.000000   0.000000   0.000000   0.000000   0.000000   0.000000   0.000000   0.000000   0.000000   0.000000   0.565873   0.000000  -0.065809   0.500692  -0.162904  -0.043148   0.694139  -0.118208  -0.657409   0.989723  -0.611403  -0.866819 
160    A195     -571    -1044   327       0.000000   0.000000   0.000000   0.000000   0.000000   0.000000   0.000000   0.000000   0.000000   0.000000   0.000000  -0.138814   0.000000   0.066542  -0.014434  -0.349592  -0.027088  -0.260366  -0.008984  -0.505112  -0.866231  -0.757102   1.519336 
161    A30      -632    525     -818      0.000000   0.000000   0.000000   0.000000   0.000000   0.000000   0.000000   0.000000   0.000000   0.000000   0.000000   0.302908   0.000000   0.009256   0.254920  -0.034627  -0.004526   0.308632  -0.069940  -0.867689   0.353655  -0.376489  -0.616323 
162    A109     -803    876     -193      0.000000   0.000000   0.000000   0.000000   0.000000   0.000000   0.000000   0.000000   0.000000   0.000000   0.000000   0.398905   0.000000  -0.001894   0.287662  -0.587804  -0.014682   0.313766  -0.058694   0.212795  -0.164108  -0.419046  -0.430701 
163    A172     73      1199    -115      0.000000   0.000000   0.000000   0.000000   0.000000   0.000000   0.000000   0.000000   0.000000   0.000000   0.000000   0.254884   0.000000  -0.074443   0.213455  -0.014741   0.001945   0.385439  -0.033760   0.517489   0.877025   0.079300  -1.050012 
164    A108     986     -724    124       0.000000   0.000000   0.000000   0.000000   0.000000   0.000000   0.000000   0.000000   0.000000   0.000000   0.000000  -0.229430   0.000000  -0.057520  -0.308439   0.656841  -0.035833  -0.430305   0.082020   0.166506  -1.531433   0.824170   0.476780 
165    A81      238     -947    661       0.000000   0.000000   0.000000   0.000000   0.000000   0.000000   0.000000   0.000000   0.000000   0.000000   0.000000  -0.047854   0.000000  -0.003549  -0.065036   0.140777   0.002710  -0.065765   0.031195  -0.037852  -0.740442   0.254318   1.145091 
166    A171     57      1160    -110      0.000000   0.000000   0.000000   0.000000   0.000000   0.000000   0.000000   0.000000   0.000000   0.000000   0.000000   0.567734   0.000000  -0.088621   0.507225   0.150835   0.009355   0.764133  -0.042797   0.247401   0.856416   0.148682  -1.527173 
167    A218     978     424     -422      0.000000   0.000000   0.000000   0.000000   0.000000   0.000000   0.000000   0.000000   0.000000   0.000000   0.000000  -0.420174   0.000000  -0.120759  -0.461900   1.131580  -0.037121  -0.432579   0.106458   0.420380   0.401956   1.430907  -0.147538 
168    A173     53      1171    -114      0.000000   0.000000   0.000000   0.000000   0.000000   0.000000   0.000000   0.000000   0.000000   0.000000   0.000000   0.504364   0.000000  -0.084429   0.387797   0.117914   0.013688   0.529450  -0.038038   0.312387   0.909419   0.094195  -1.640921 
169    A201     -935    -574    398       0.000000   0.000000   0.000000   0.000000   0.000000   0.000000   0.000000   0.000000   0.000000   0.000000   0.000000   0.731831   0.000000   0.102270   0.585502  -1.135000   0.005534   0.780006  -0.075500  -0.196323  -0.614827  -1.186180   0.499866 
170    A74      1026    213     259       0.000000   0.000000   0.000000   0.000000   0.000000   0.000000   0.000000   0.000000   0.000000   0.000000   0.000000  -0.158716   0.000000  -0.067307  -0.199147   0.749916   0.000042  -0.116454   0.044698  -0.000854   0.082541   0.547838   0.294781 
171    A29      777     -282    708       0.000000   0.000000   0.000000   0.000000   0.000000   0.000000   0.000000   0.000000   0.000000   0.000000   0.000000   0.069737   0.000000  -0.053998   0.048760   0.468436   0.008596   0.089336   0.020383   0.022632  -0.261926   0.360315   0.424414 
172    A164     1107    29      -449      0.000000   0.000000   0.000000   0.000000   0.000000   0.000000   0.000000   0.000000   0.000000   0.000000   0.000000  -0.322096   0.000000  -0.094381  -0.413886   1.139730  -0.016234  -0.291703   0.098068   0.323382   0.060827   1.134460  -0.121300 
173    A205     -1080   487     426       0.000000   0.000000   0.000000   0.000000   0.000000   0.000000   0.000000   0.000000   0.000000   0.000000   0.000000   0.460411   0.000000   0.053819   0.509626  -1.250102   0.007697   0.593041  -0.137001  -0.295206   0.287217  -1.214938   0.085773 
174    A232     141     -1180   -30       0.000000   0.000000   0.000000   0.000000   0.000000   0.000000   0.000000   0.000000   0.000000   0.000000   0.000000   0.245374   0.000000   0.027723   0.243612   0.266497  -0.030102   0.246215   0.059680   0.238295  -0.954379  -0.095027   0.594416 
175    A69      234     1037    626       0.000000   0.000000   0.000000   0.000000   0.000000   0.000000   0.000000   0.000000   0.000000   0.000000   0.000000   0.042238   0.000000  -0.031572   0.122214   0.217424   0.039312   0.152941  -0.023939  -0.210280   0.534453   0.120838   0.081672 
176    A157     -145    1242    27        0.000000   0.000000   0.000000   0.000000   0.000000   0.000000   0.000000   0.000000   0.000000   0.000000   0.000000   0.152979   0.000000  -0.022090   0.214782  -0.285148   0.030521   0.372039  -0.068865  -0.175292   0.786884   0.071498  -0.388515 
177    A97      -25     -1207   -419      0.000000   0.000000   0.000000   0.000000   0.000000   0.000000   0.000000   0.000000   0.000000   0.000000   0.000000   0.043120   0.000000   0.032636  -0.008709   0.014763  -0.034744  -0.073902   0.034297   0.178879  -0.669139  -0.152068   0.059281 
178    A217     887     710     -389      0.000000   0.000000   0.000000   0.000000   0.000000   0.000000   0.000000   0.000000   0.000000   0.000000   0.000000  -0.415649   0.000000  -0.119308  -0.296337   0.968557  -0.033479  -0.434335   0.081804   0.287927   0.603255   1.375815  -0.200602 
179    A101     -725    -814    -134      0.000000   0.000000   0.000000   0.000000   0.000000   0.000000   0.000000   0.000000   0.000000   0.000000   0.000000   0.610394   0.000000   0.064120   0.492117  -0.460815  -0.000214   0.590540  -0.045917  -0.026169  -0.524643  -0.665933  -0.271811 
180    A124     -764    872     449       0.000000   0.000000   0.000000   0.000000   0.000000   0.000000   0.000000   0.000000   0.000000   0.000000   0.000000   0.221650   0.000000   0.000512   0.089929  -0.250399   0.039110   0.309065  -0.093549  -0.232363   0.357109  -0.913126  -0.349823 
181    A40      52      -770    -859      0.000000   0.000000   0.000000   0.000000   0.000000   0.000000   0.000000   0.000000   0.000000   0.000000   0.000000   0.345936   0.000000   0.051802   0.197559  -0.458724  -0.043015   0.319667  -0.007949   0.015067  -0.227604  -0.058275  -0.066127 
182    A123     883     -583    -501      0.000000   0.000000   0.000000   0.000000   0.000000   0.000000   0.000000   0.000000   0.000000   0.000000   0.000000   0.062518   0.000000  -0.001890  -0.088802   0.334914  -0.016867   0.047215   0.079882   0.163167  -0.277539   1.117526   0.136643 
183    A153     533     -1085   -227      0.000000   0.000000   0.000000   0.000000   0.000000   0.000000   0.000000   0.000000   0.000000   0.000000   0.000000  -0.065774   0.000000   0.004320  -0.143261   0.445751  -0.048454  -0.163937   0.090221   0.225991  -0.618107   0.559613   0.533131 
184    A178     -430    1200    189       0.000000   0.000000   0.000000   0.000000   0.000000   0.000000   0.000000   0.000000   0.000000   0.000000   0.000000   0.407252   0.000000  -0.018874   0.246581  -0.450923   0.058167   0.676084  -0.107250  -0.211079   0.836441  -0.352610  -0.488392 
185    A1       381     6       971       0.000000   0.000000   0.000000   0.000000   0.000000   0.000000   0.000000   0.000000   0.000000   0.000000   0.000000  -0.193353   0.000000  -0.027822  -0.204558   0.391156   0.026860  -0.221932   0.021966   0.073679  -0.005334   0.142945   0.328292 
186    A179     -159    1211    35        0.000000   0.000000   0.000000   0.000000   0.000000   0.000000   0.000000   0.000000   0.000000   0.000000   0.000000   0.186372   0.000000  -0.029074  -0.061362  -0.260016   0.055021   0.209342  -0.068803  -0.153912   0.913127   0.021653  -0.566249 
187    A33      -261    518     -842      0.000000   0.000000   0.000000   0.000000   0.000000   0.000000   0.000000   0.000000   0.000000   0.000000   0.000000   0.406316   0.000000   0.038706   0.331206  -0.466357   0.033195   0.536815  -0.051252  -0.042769   0.317834  -0.283485  -0.703173 
188    A147     -19     -1221   226       0.000000   0.000000   0.000000   0.000000   0.000000   0.000000   0.000000   0.000000   0.000000   0.000000   0.000000  -0.213075   0.000000   0.045042  -0.301108   0.045421  -0.014468  -0.378498   0.043184  -0.375477  -0.836653   0.088071   1.330695 
189    A117     402     1073    -683      0.000000   0.000000   0.000000   0.000000   0.000000   0.000000   0.000000   0.000000   0.000000   0.000000   0.000000   0.520471   0.000000  -0.017175   0.298440  -0.146381   0.069497   0.574087  -0.024250   0.270141   0.702380   0.361870  -1.375559 
190    A148     -273    -1185   332       0.000000   0.000000   0.000000   0.000000   0.000000   0.000000   0.000000   0.000000   0.000000   0.000000   0.000000  -0.049161   0.000000   0.042072  -0.101019  -0.032108  -0.031848  -0.181834   0.021024  -0.430660  -0.790568  -0.249374   1.444631 
191    A87      517     656     -929      0.000000   0.000000   0.000000   0.000000   0.000000   0.000000   0.000000   0.000000   0.000000   0.000000   0.000000   0.601363   0.000000   0.024705   0.483293  -0.398740   0.082000   0.725098  -0.035134   0.020387   0.515078   0.370035  -1.367720 
192    A89      -890    -26     801       0.000000   0.000000   0.000000   0.000000   0.000000   0.000000   0.000000   0.000000   0.000000   0.000000   0.000000   0.041626   0.000000  -0.040734   0.125969   0.164591  -0.046508  -0.064732  -0.035883   0.002718  -0.192561  -1.058680   0.770586 
193    A243     611     -1054   -198      0.000000   0.000000   0.000000   0.000000   0.000000   0.000000   0.000000   0.000000   0.000000   0.000000   0.000000  -0.030782   0.000000  -0.017641  -0.196193   1.101788  -0.011989  -0.239351   0.058077  -1.136170  -0.831267   0.667311   0.533836 
194    A119     710     580     -750      0.000000   0.000000   0.000000   0.000000   0.000000   0.000000   0.000000   0.000000   0.000000   0.000000   0.000000   0.537608   0.000000   0.008751   0.372342  -0.170457   0.071887   0.668411  -0.010324   0.149581   0.489986   0.736346  -1.186036 
195    A52      -740    724     -677      0.000000   0.000000   0.000000   0.000000   0.000000   0.000000   0.000000   0.000000   0.000000   0.000000   0.000000   0.569153   0.000000   0.012445   0.451202  -0.222799   0.012205   0.555619  -0.077271  -0.524355   0.501431  -0.476118  -0.753597 
196    A142     554     -1090   24        0.000000   0.000000   0.000000   0.000000   0.000000   0.000000   0.000000   0.000000   0.000000   0.000000   0.000000  -0.140763   0.000000  -0.008595  -0.192083   0.368679  -0.029331  -0.367636   0.075701  -0.018385  -1.573656   0.661253   0.739872 
197    A211     -53     -1190   98        0.000000   0.000000   0.000000   0.000000   0.000000   0.000000   0.000000   0.000000   0.000000   0.000000   0.000000  -0.251285   0.000000   0.066080  -0.290623  -0.295927   0.002246  -0.274553   0.043372  -0.172709  -1.175513   0.082405   1.737539 
198    A190     694     -986    -244      0.000000   0.000000   0.000000   0.000000   0.000000   0.000000   0.000000   0.000000   0.000000   0.000000   0.000000   0.098468   0.000000  -0.014676   0.048464   0.636495  -0.020454  -0.042770   0.083710   0.089094  -1.316355   0.814430   0.429914 
199    A53      456     -709    711       0.000000   0.000000   0.000000   0.000000   0.000000   0.000000   0.000000   0.000000   0.000000   0.000000   0.000000  -0.082202   0.000000  -0.020639  -0.126695   0.240237   0.010151  -0.113430   0.029637   0.039151  -0.558203   0.323750   0.721617 
200    A192     63      1178    -111      0.000000   0.000000   0.000000   0.000000   0.000000   0.000000   0.000000   0.000000   0.000000   0.000000   0.000000   0.488762   0.000000  -0.092967   0.503764   0.090608  -0.009637   0.692977  -0.035600   0.369645   0.874897   0.205641  -1.438685 
201    A73      -940    -446    -282      0.000000   0.000000   0.000000   0.000000   0.000000   0.000000   0.000000   0.000000   0.000000   0.000000   0.000000   0.674041   0.000000   0.056402   0.511015  -0.668919  -0.041303   0.676881  -0.041242  -0.004578  -0.309942  -0.479198  -0.040996 
202    A226     -65     -1151   112       0.000000   0.000000   0.000000   0.000000   0.000000   0.000000   0.000000   0.000000   0.000000   0.000000   0.000000  -0.103803   0.000000   0.057378  -0.059260  -0.132954  -0.001178  -0.169388   0.043342  -0.414092  -1.141642   0.130057   1.076628 
203    A136     -1103   -186    253       0.000000   0.000000   0.000000   0.000000   0.000000   0.000000   0.000000   0.000000   0.000000   0.000000   0.000000   0.356214   0.000000   0.099428   0.266229  -1.054492   0.014459   0.371110  -0.077591  -0.219878  -0.214736  -0.978400   0.040817 
204    A184     976     446     -419      0.000000   0.000000   0.000000   0.000000   0.000000   0.000000   0.000000   0.000000   0.000000   0.000000   0.000000  -0.302698   0.000000  -0.111531  -0.244237   0.970251  -0.035142  -0.257964   0.085825   0.358932   0.330415   1.260593   0.046898 
205    A51      -901    496     -572      0.000000   0.000000   0.000000   0.000000   0.000000   0.000000   0.000000   0.000000   0.000000   0.000000   0.000000   0.339565   0.000000   0.031375   0.286130  -0.478774   0.031780   0.458831  -0.095840  -0.137730   0.335153  -0.570276  -0.649332 
206    A237     -1034   -298    455       0.000000   0.000000   0.000000   0.000000   0.000000   0.000000   0.000000   0.000000   0.000000   0.000000   0.000000   0.551817   0.000000   0.119994   0.511637  -1.309463   0.024348   0.591803  -0.108885  -0.409900  -0.334180  -1.452974   0.239563 
207    A77      -1002   510     -337      0.000000   0.000000   0.000000   0.000000   0.000000   0.000000   0.000000   0.000000   0.000000   0.000000   0.000000   0.323176   0.000000   0.034977   0.288469  -0.630548   0.027451   0.437075  -0.085176  -0.090220   0.269364  -0.581375  -0.362946 
208    A129     -96     1277    156       0.000000   0.000000   0.000000   0.000000   0.000000   0.000000   0.000000   0.000000   0.000000   0.000000   0.000000   0.201698   0.000000  -0.018597   0.234343  -0.145294   0.071148   0.369936  -0.072551  -0.268041   0.781890  -0.018312  -0.484934 
209    A131     261     1128    68        0.000000   0.000000   0.000000   0.000000   0.000000   0.000000   0.000000   0.000000   0.000000   0.000000   0.000000   0.144617   0.000000  -0.044351   0.232347   0.122099   0.024935   0.248829  -0.030683  -0.210014   0.758810   0.373594  -0.142105 
210    A198     -145    1297    53        0.000000   0.000000   0.000000   0.000000   0.000000   0.000000   0.000000   0.000000   0.000000   0.000000   0.000000  -0.011378   0.000000  -0.027786   0.055498  -0.316970   0.034099   0.123769  -0.070068  -0.214020   0.906102   0.104175  -0.492918 
211    A197     -152    1279    30        0.000000   0.000000   0.000000   0.000000   0.000000   0.000000   0.000000   0.000000   0.000000   0.000000   0.000000   0.253544   0.000000  -0.032227   0.353414  -0.300626   0.036540   0.360728  -0.081189  -0.238863   0.913840   0.076464  -0.544910 
212    A182     -641    -901    297       0.000000   0.000000   0.000000   0.000000   0.000000   0.000000   0.000000   0.000000   0.000000   0.000000   0.000000   0.347500   0.000000   0.084429   0.283993  -0.606843   0.020535   0.296411  -0.040299  -0.123229  -0.720587  -1.006064   0.180759 
213    A46      -697    -708    -627      0.000000   0.000000   0.000000   0.000000   0.000000   0.000000   0.000000   0.000000   0.000000   0.000000   0.000000   0.370639   0.000000   0.053575   0.275245  -0.428716  -0.030006   0.310361  -0.031519   0.014803  -0.313760  -0.422148  -0.374235 
214    A92      -624    781     662       0.000000   0.000000   0.000000   0.000000   0.000000   0.000000   0.000000   0.000000   0.000000   0.000000   0.000000   0.101059   0.000000  -0.028230   0.074321   0.106381   0.018697   0.130681  -0.055948  -0.124319   0.264948  -0.641562  -0.079492 
215    A41      182     793     801       0.000000   0.000000   0.000000   0.000000   0.000000   0.000000   0.000000   0.000000   0.000000   0.000000   0.000000   0.007658   0.000000  -0.042012  -0.097529   0.440366   0.024359   0.047409   0.008854   0.022449   0.299832   0.267138   0.157552 
216    A90      -861    272     768       0.000000   0.000000   0.000000   0.000000   0.000000   0.000000   0.000000   0.000000   0.000000   0.000000   0.000000   0.171418   0.000000  -0.029722   0.184331   0.175437  -0.008178   0.141868  -0.060322  -0.105228   0.034269  -1.066641   0.195524 
217    A7       291     279     1032      0.000000   0.000000   0.000000   0.000000   0.000000   0.000000   0.000000   0.000000   0.000000   0.000000   0.000000  -0.180456   0.000000  -0.057439  -0.259368   0.656125   0.000383  -0.337143   0.048398   0.164253   0.054674   0.400844   0.358301 
218    A23      266     564     922       0.000000   0.000000   0.000000   0.000000   0.000000   0.000000   0.000000   0.000000   0.000000   0.000000   0.000000   0.060616   0.000000  -0.048921  -0.251354   0.446931   0.015721   0.060871   0.016811   0.124075   0.280833   0.247597   0.416985 
219    A83      166     -984    639       0.000000   0.000000   0.000000   0.000000   0.000000   0.000000   0.000000   0.000000   0.000000   0.000000   0.000000  -0.067921   0.000000  -0.008419  -0.129240   0.279480  -0.015289  -0.054210   0.037199  -0.133657  -0.675999   0.252545   1.154847 
220    A154     -343    1184    113       0.000000   0.000000   0.000000   0.000000   0.000000   0.000000   0.000000   0.000000   0.000000   0.000000   0.000000   0.410893   0.000000  -0.015392   0.225775  -0.392922   0.065263   0.644301  -0.101079  -0.197316   0.902626  -0.300805  -0.648306 
221    A34      -297    605     -980      0.000000   0.000000   0.000000   0.000000   0.000000   0.000000   0.000000   0.000000   0.000000   0.000000   0.000000   0.287878   0.000000   0.050423   0.340968  -0.628280   0.043993   0.522536  -0.065127  -0.095195   0.336609  -0.411132  -0.781764 
222    A17      321     -310    1003      0.000000   0.000000   0.000000   0.000000   0.000000   0.000000   0.000000   0.000000   0.000000   0.000000   0.000000  -0.170983   0.000000  -0.062701  -0.165785   0.715846  -0.019931  -0.125596   0.050321   0.130382  -0.165478   0.403878   0.713862 
223    A18      77      -284    1109      0.000000   0.000000   0.000000   0.000000   0.000000   0.000000   0.000000   0.000000   0.000000   0.000000   0.000000  -0.107034   0.000000  -0.073448  -0.196097   0.683118  -0.043162  -0.189610   0.053997   0.205119  -0.308698   0.359600   1.009320 
224    A248     436     1089    -262      0.000000   0.000000   0.000000   0.000000   0.000000   0.000000   0.000000   0.000000   0.000000   0.000000   0.000000   0.459914   0.000000  -0.090544   0.318140   0.465174   0.051703   0.447234  -0.018237   0.383832   1.069919   0.485422  -1.865983 
225    A149     -491    -1004   406       0.000000   0.000000   0.000000   0.000000   0.000000   0.000000   0.000000   0.000000   0.000000   0.000000   0.000000  -0.030818   0.000000   0.029016  -0.052515  -0.102983  -0.058167  -0.142636   0.007549  -0.375365  -0.851761  -0.498739   1.613234 
226    A118     -568    -785    695       0.000000   0.000000   0.000000   0.000000   0.000000   0.000000   0.000000   0.000000   0.000000   0.000000   0.000000   0.018697   0.000000  -0.006712   0.074492   0.158603  -0.064685  -0.026595   0.009309  -0.196667  -0.664291  -0.554165   1.511588 
227    A208     -634    1117    192       0.000000   0.000000   0.000000   0.000000   0.000000   0.000000   0.000000   0.000000   0.000000   0.000000   0.000000   0.614295   0.000000  -0.043923   0.603798  -0.419659  -0.033894   0.749697  -0.127164  -0.469075   0.957955  -0.757991  -0.779737 
228    A152     -973    -295    571       0.000000   0.000000   0.000000   0.000000   0.000000   0.000000   0.000000   0.000000   0.000000   0.000000   0.000000   0.159496   0.000000   0.005424   0.247463  -0.194964  -0.048529   0.150902  -0.058740  -0.233431  -0.330467  -1.350775   0.771773 
229    A140     863     -714    -131      0.000000   0.000000   0.000000   0.000000   0.000000   0.000000   0.000000   0.000000   0.000000   0.000000   0.000000  -0.113322   0.000000  -0.056861  -0.112755   0.956148  -0.016540  -0.087298   0.050946  -0.610437  -0.461864   0.701926   0.105642 
230    A144     106     -1182   247       0.000000   0.000000   0.000000   0.000000   0.000000   0.000000   0.000000   0.000000   0.000000   0.000000   0.000000   0.124125   0.000000   0.008576  -0.120963  -0.011838  -0.049341  -0.156650   0.046824  -0.119699  -2.130988   0.349423   1.042523 
231    A209     69      1148    -105      0.000000   0.000000   0.000000   0.000000   0.000000   0.000000   0.000000   0.000000   0.000000   0.000000   0.000000   0.282527   0.000000  -0.071787   0.266689  -0.052413   0.010191   0.400762  -0.041519   0.531558   0.896694   0.061572  -1.178996 
232    A110     -603    1035    -289      0.000000   0.000000   0.000000   0.000000   0.000000   0.000000   0.000000   0.000000   0.000000   0.000000   0.000000   0.473156   0.000000  -0.021966   0.351604  -0.403239  -0.014120   0.429571  -0.054325   0.243299  -0.170224  -0.344494  -0.644158 
233    A111     376     -1048   367       0.000000   0.000000   0.000000   0.000000   0.000000   0.000000   0.000000   0.000000   0.000000   0.000000   0.000000   0.054771   0.000000   0.001591  -0.068224   0.142378   0.014805  -0.000786   0.029075  -0.097340  -0.794627   0.327384   0.844713 
234    A244     56      1182    -127      0.000000   0.000000   0.000000   0.000000   0.000000   0.000000   0.000000   0.000000   0.000000   0.000000   0.000000   0.495635   0.000000  -0.096374   0.463432   0.169676   0.002375   0.626031  -0.044417   0.306671   0.968903   0.168538  -1.794332 
235    A185     -1100   -180    462       0.000000   0.000000   0.000000   0.000000   0.000000   0.000000   0.000000   0.000000   0.000000   0.000000   0.000000   0.617786   0.000000   0.089362   0.535377  -1.233368  -0.006650   0.601331  -0.083204  -0.232052  -0.259892  -1.027332   0.526681 
236    A246     58      1147    -119      0.000000   0.000000   0.000000   0.000000   0.000000   0.000000   0.000000   0.000000   0.000000   0.000000   0.000000   0.312339   0.000000  -0.084614   0.308456   0.054290   0.011232   0.444507  -0.036397   0.403255   0.882729   0.166045  -1.635116 
237    A162     925     589     -389      0.000000   0.000000   0.000000   0.000000   0.000000   0.000000   0.000000   0.000000   0.000000   0.000000   0.000000  -0.097227   0.000000  -0.105164  -0.215695   0.913175  -0.022908  -0.153474   0.064021   0.165651   0.499154   1.050936  -0.157237 
238    A106     -1046   261     -20       0.000000   0.000000   0.000000   0.000000   0.000000   0.000000   0.000000   0.000000   0.000000   0.000000   0.000000   0.158550   0.000000   0.063642   0.232442  -0.845254  -0.001600   0.230062  -0.064638  -0.067389   0.148998  -0.577870  -0.062640 
239    A187     -1119   356     446       0.000000   0.000000   0.000000   0.000000   0.000000   0.000000   0.000000   0.000000   0.000000   0.000000   0.000000   0.461889   0.000000   0.049872   0.436632  -1.261069   0.004309   0.538667  -0.122004  -0.218951   0.171590  -1.057775   0.312462 
240    A48      -953    -241    -515      0.000000   0.000000   0.000000   0.000000   0.000000   0.000000   0.000000   0.000000   0.000000   0.000000   0.000000   0.398944   0.000000   0.059496   0.394187  -0.552759  -0.010789   0.395207  -0.051736  -0.076521  -0.093256  -0.484767  -0.405974 
241    A221     1113    -383    -452      0.000000   0.000000   0.000000   0.000000   0.000000   0.000000   0.000000   0.000000   0.000000   0.000000   0.000000  -0.284984   0.000000  -0.100575  -0.375513   1.312878  -0.015776  -0.416621   0.114983   0.407997  -0.333236   1.324770   0.027407 
242    A196     -145    1210    44        0.000000   0.000000   0.000000   0.000000   0.000000   0.000000   0.000000   0.000000   0.000000   0.000000   0.000000   0.248656   0.000000  -0.026212   0.190957  -0.287887   0.041669   0.342072  -0.075760  -0.177181   0.804500   0.048402  -0.571949 
243    A133     -723    -901    90        0.000000   0.000000   0.000000   0.000000   0.000000   0.000000   0.000000   0.000000   0.000000   0.000000   0.000000   0.460149   0.000000   0.076630   0.315391  -0.593847   0.014032   0.456850  -0.039056   0.011342  -0.586841  -0.822807  -0.066725 
244    A158     137     -1288   -45       0.000000   0.000000   0.000000   0.000000   0.000000   0.000000   0.000000   0.000000   0.000000   0.000000   0.000000  -0.014833   0.000000   0.025992  -0.104096   0.259977  -0.022390  -0.088387   0.062826   0.276581  -0.947765  -0.101099   0.433850 
245    A44      -260    -828    -830      0.000000   0.000000   0.000000   0.000000   0.000000   0.000000   0.000000   0.000000   0.000000   0.000000   0.000000   0.165036   0.000000   0.040466   0.110859  -0.268060  -0.038123   0.113803  -0.002358   0.095184  -0.379603  -0.159831  -0.239917 
246    A134     917     710     -159      0.000000   0.000000   0.000000   0.000000   0.000000   0.000000   0.000000   0.000000   0.000000   0.000000   0.000000  -0.464416   0.000000  -0.093493  -0.362166   0.747414  -0.019679  -0.478193   0.067148   0.141052   0.508139   1.003959   0.128931 
247    A216     655     897     -284      0.000000   0.000000   0.000000   0.000000   0.000000   0.000000   0.000000   0.000000   0.000000   0.000000   0.000000  -0.342102   0.000000  -0.096775  -0.152120   0.653787  -0.005013  -0.259917   0.037295   0.137222   0.736582   1.069662  -0.402528 
